FANN_FLO_2.1
num_layers=3
learning_rate=0.700000
connection_rate=1.000000
network_type=0
learning_momentum=0.000000
training_algorithm=2
train_error_function=1
train_stop_function=0
cascade_output_change_fraction=0.010000
quickprop_decay=-0.000100
quickprop_mu=1.750000
rprop_increase_factor=1.200000
rprop_decrease_factor=0.500000
rprop_delta_min=0.000000
rprop_delta_max=50.000000
rprop_delta_zero=0.100000
cascade_output_stagnation_epochs=12
cascade_candidate_change_fraction=0.010000
cascade_candidate_stagnation_epochs=12
cascade_max_out_epochs=150
cascade_min_out_epochs=50
cascade_max_cand_epochs=150
cascade_min_cand_epochs=50
cascade_num_candidate_groups=2
bit_fail_limit=3.49999999999999980000e-001
cascade_candidate_limit=1.00000000000000000000e+003
cascade_weight_multiplier=4.00000000000000020000e-001
cascade_activation_functions_count=10
cascade_activation_functions=3 5 7 8 10 11 14 15 16 17 
cascade_activation_steepnesses_count=4
cascade_activation_steepnesses=2.50000000000000000000e-001 5.00000000000000000000e-001 7.50000000000000000000e-001 1.00000000000000000000e+000 
layer_sizes=3 4 2 
scale_included=0
neurons (num_inputs, activation_function, activation_steepness)=(0, 0, 0.00000000000000000000e+000) (0, 0, 0.00000000000000000000e+000) (0, 0, 0.00000000000000000000e+000) (3, 5, 5.00000000000000000000e-001) (3, 5, 5.00000000000000000000e-001) (3, 5, 5.00000000000000000000e-001) (0, 5, 0.00000000000000000000e+000) (4, 5, 5.00000000000000000000e-001) (0, 5, 0.00000000000000000000e+000) 
connections (connected_to_neuron, weight)=(0, 9.73754897322578470000e-002) (1, -4.89562995576307000000e-002) (2, -7.99560558789380590000e-003) (0, -7.55065929220108960000e-002) (1, 7.72216808381926970000e-002) (2, -8.04992687776575620000e-002) (0, -6.19995126426147180000e-002) (1, 6.16455087310896490000e-003) (2, 5.16906745983760630000e-002) (3, 2.09350589057066830000e-003) (4, 7.89306652386585480000e-002) (5, -2.63061527357422160000e-003) (6, 9.58740248661342780000e-002) 
